diameter: 6
density: 0.0198994974874
avg_degree: 3.96
num_edges: 396
num_nodes: 200
avg_clustering_coef: 0.100826136846
num_connected_components: 1
transitivity: 0.040369088812
