diameter: 14
density: 0.0201005025126
avg_degree: 4.0
num_edges: 400
num_nodes: 200
avg_clustering_coef: 0.3695
num_connected_components: 1
transitivity: 0.354655870445
